version https://git-lfs.github.com/spec/v1
oid sha256:a8e5b6ce856bd45d73b7399bdf310b9555781aec3259b2d9a1155a83244a2f97
size 757439
